8.290189504623413086e-01 5.480337142944335938e-01 4.185062646865844727e-01 1.317521095275878906e+00
1.072020292282104492e+00 6.347519159317016602e-01 1.272667407989501953e+00 4.674506187438964844e-01
3.659445047378540039e-01 9.704741835594177246e-01 3.420588374137878418e-01 2.054472446441650391e+00
4.747438430786132812e-01 1.439995765686035156e+00 5.295848846435546875e-01 1.066176295280456543e+00
1.444682121276855469e+00 3.044617176055908203e-01 8.699381351470947266e-01 6.643417477607727051e-01
2.385624885559082031e+00 2.245050668716430664e-01 1.416105031967163086e+00 4.301729798316955566e-01
1.323689460754394531e+00 3.384691476821899414e-01 1.163484811782836914e+00 6.309521198272705078e-01
9.773400425910949707e-01 4.339182376861572266e-01 1.958800792694091797e+00 2.792346477508544922e-01
8.259415626525878906e-01 4.745683073997497559e-01 3.146889805793762207e-01 1.511719226837158203e+00
2.338716387748718262e-01 1.657513380050659180e+00 1.287844777107238770e+00 3.595891594886779785e-01
1.075191736221313477e+00 2.911064028739929199e-01 3.737545013427734375e-01 1.731010675430297852e+00
6.551086902618408203e-01 5.576568841934204102e-01 1.893129944801330566e+00 3.990191221237182617e-01
5.473628640174865723e-01 6.633469462394714355e-01 5.057245492935180664e-01 1.508261203765869141e+00
7.699385285377502441e-01 7.875320315361022949e-01 5.608052015304565430e-01 1.062819957733154297e+00
2.071514606475830078e+00 1.527276635169982910e-01 6.291627883911132812e-01 1.095567703247070312e+00
1.647359132766723633e-01 2.124926805496215820e+00 1.382523775100708008e+00 3.538689017295837402e-01
7.631075382232666016e-01 5.297133326530456543e-01 9.665369987487792969e-01 9.240010380744934082e-01
1.727202534675598145e-01 1.669870376586914062e+00 2.218459129333496094e+00 3.476440906524658203e-01
1.120243310928344727e+00 5.347782373428344727e-01 6.324920058250427246e-01 6.705427169799804688e-01
1.568144321441650391e+00 3.920954465866088867e-01 1.613956451416015625e+00 4.697802662849426270e-01
1.940053701400756836e-01 2.298858642578125000e+00 8.788943290710449219e-01 7.468199729919433594e-01
3.581744432449340820e-01 2.133088588714599609e+00 3.512498736381530762e-01 1.895566582679748535e+00
5.669972300529479980e-01 7.052510976791381836e-01 8.501636981964111328e-01 5.458518862724304199e-01
2.300341129302978516e+00 1.773998141288757324e-01 3.498601913452148438e-01 1.243893146514892578e+00
2.115833997726440430e+00 6.685784459114074707e-01 1.279532909393310547e+00 7.201015949249267578e-02
1.887669563293457031e+00 2.082663774490356445e-01 4.180493950843811035e-01 9.302210807800292969e-01
7.322439551353454590e-01 3.587511181831359863e-01 2.361996650695800781e+00 4.649496078491210938e-01
6.946942210197448730e-01 1.699572205543518066e+00 7.681608200073242188e-02 1.142548322677612305e+00
4.929819703102111816e-01 1.407200336456298828e+00 6.313586235046386719e-01 5.258682370185852051e-01
7.408180832862854004e-01 9.216296672821044922e-01 6.147679686546325684e-01 1.006620526313781738e+00
1.493135690689086914e+00 2.277791500091552734e-01 1.580216288566589355e+00 5.524191260337829590e-01
6.845116615295410156e-01 3.257927298545837402e-01 4.806411266326904297e-01 2.963788509368896484e+00
5.692762136459350586e-01 5.218559503555297852e-01 3.597986698150634766e-01 3.393990516662597656e+00
1.992398500442504883e-01 4.396122932434082031e+00 3.390872478485107422e-01 1.245024204254150391e+00
3.818465709686279297e+00 5.475774407386779785e-01 7.289031147956848145e-01 1.206526160240173340e-01
7.575520873069763184e-01 3.208222985267639160e-01 3.274476289749145508e+00 4.056811332702636719e-01
4.938477277755737305e-01 6.087943911552429199e-01 7.323214411735534668e-01 1.860719919204711914e+00
6.720516085624694824e-01 1.254850625991821289e+00 4.085329174995422363e-01 7.177641987800598145e-01
1.000683307647705078e+00 5.322188138961791992e-01 1.175256729125976562e+00 7.839941978454589844e-01
5.196669697761535645e-01 7.873165607452392578e-01 4.827788472175598145e-01 2.482778072357177734e+00
1.732438564300537109e+00 4.148581624031066895e-01 8.929020166397094727e-01 7.394045591354370117e-01
1.034635305404663086e-01 1.378986239433288574e+00 1.644580602645874023e+00 5.376675724983215332e-01
2.158104896545410156e+00 4.880484938621520996e-01 1.390637397766113281e+00 2.131304144859313965e-01
6.799387931823730469e-01 3.748869895935058594e-01 1.156062126159667969e+00 5.304643511772155762e-01
3.774230003356933594e+00 9.212350845336914062e-01 1.066265344619750977e+00 2.303183078765869141e-02
5.445462465286254883e-01 1.241825580596923828e+00 1.309782266616821289e-02 1.593208551406860352e+00
4.802981019020080566e-01 1.994327068328857422e+00 2.543303370475769043e-01 1.361274957656860352e+00
3.310155868530273438e-01 1.101719141006469727e+00 6.217104196548461914e-01 2.137196302413940430e+00
7.315543293952941895e-01 7.736182212829589844e-01 1.220628619194030762e-01 2.870257139205932617e+00
3.538590669631958008e-01 1.174120903015136719e+00 1.594985485076904297e+00 2.471551299095153809e-01
7.523778080940246582e-01 3.375247120857238770e-01 2.216994762420654297e-02 4.580330848693847656e+00
4.482290148735046387e-01 1.965858697891235352e+00 2.273645997047424316e-01 2.393567562103271484e+00
1.076504588127136230e-01 2.131456136703491211e+00 1.603270769119262695e+00 3.436440229415893555e-01
1.602544188499450684e+00 4.045704007148742676e-01 2.325764894485473633e+00 4.124164581298828125e-01
1.647636294364929199e+00 4.965943098068237305e-01 1.228229999542236328e+00 5.758869647979736328e-01
5.824223160743713379e-01 1.117979884147644043e+00 3.918486833572387695e-01 2.088899135589599609e+00
6.555205583572387695e-01 1.931208372116088867e+00 1.086524128913879395e-01 1.813685655593872070e+00
4.376516819000244141e+00 2.326190471649169922e-01 1.442497014999389648e+00 4.232615232467651367e-01
9.558081626892089844e-02 1.831135153770446777e+00 1.991118431091308594e+00 3.903728723526000977e-01
3.418326377868652344e-03 1.976181030273437500e+00 9.346041083335876465e-01 5.277428030967712402e-01
2.417665958404541016e+00 9.547618031501770020e-01 7.845157384872436523e-01 5.382627248764038086e-02
2.676552534103393555e-01 4.125942707061767578e+00 1.222550868988037109e-01 1.688996553421020508e+00
7.408353686332702637e-01 3.711078405380249023e+00 1.034200191497802734e-02 1.015746355056762695e+00
6.437996029853820801e-01 3.788815498352050781e+00 4.295140504837036133e-02 9.337946772575378418e-01
3.057652711868286133e-01 8.209431171417236328e-01 6.190603971481323242e-01 3.041328191757202148e+00
1.338462233543395996e+00 1.363752484321594238e+00 6.702092289924621582e-01 3.203243017196655273e-02
1.037352323532104492e+00 4.128026962280273438e-01 3.684365749359130859e+00 5.349516868591308594e-02
8.874732255935668945e-01 2.902320027351379395e-01 8.662930130958557129e-01 1.615290045738220215e+00
2.320659160614013672e-01 1.268827319145202637e+00 4.441356658935546875e-01 1.132467746734619141e+00
2.484321594238281250e-01 9.970647096633911133e-01 3.351603746414184570e+00 2.495536208152770996e-01
1.292065143585205078e+00 6.036847829818725586e-01 9.049406647682189941e-01 1.483002305030822754e-01
5.824312567710876465e-01 4.575094580650329590e-01 2.157058238983154297e+00 7.132914662361145020e-01
3.694790601730346680e-01 7.326042652130126953e-01 1.716321706771850586e-01 4.095713615417480469e+00
1.772189378738403320e+00 1.182407140731811523e-01 5.907765030860900879e-01 9.752875566482543945e-01
1.215492248535156250e+00 3.916159272193908691e-01 5.790293216705322266e-02 1.036912441253662109e+00
2.743959426879882812e-02 3.148429870605468750e+00 2.305835485458374023e-02 1.216275453567504883e+00
3.209090232849121094e-01 7.008585333824157715e-01 2.689900875091552734e+00 2.551656961441040039e-01
2.505308389663696289e-01 9.926563501358032227e-01 7.937133312225341797e-02 2.192616701126098633e+00
4.638257622718811035e-01 3.921553611755371094e+00 1.442730426788330078e-03 8.205598592758178711e-01
1.433327794075012207e-01 7.721623778343200684e-01 3.545555472373962402e-01 3.302946567535400391e+00
4.700210690498352051e-01 5.397635698318481445e-01 4.145369052886962891e+00 3.443625569343566895e-01
7.630652189254760742e-01 3.680098056793212891e-01 4.660666465759277344e+00 9.969681501388549805e-02
9.745484590530395508e-01 7.949420809745788574e-01 5.193054676055908203e-03 2.311235427856445312e+00
9.269982576370239258e-02 1.623015642166137695e+00 3.985077142715454102e-02 1.393869876861572266e+00
1.648633480072021484e+00 6.649485230445861816e-01 5.111339688301086426e-01 1.821169257164001465e-01
1.935226917266845703e+00 9.549722075462341309e-01 1.183978557586669922e+00 4.361569881439208984e-02
4.698336124420166016e-03 4.129334449768066406e+00 1.379747390747070312e+00 8.864998817443847656e-03
8.802980184555053711e-02 3.342393875122070312e+00 6.212672591209411621e-01 1.140224933624267578e+00
2.878053188323974609e+00 3.481861948966979980e-01 8.525738120079040527e-01 3.257712721824645996e-01
3.096090793609619141e+00 5.708658695220947266e-01 1.270769834518432617e+00 3.615543246269226074e-01
3.511735796928405762e-01 9.320199489593505859e-01 2.798178195953369141e+00 3.520897030830383301e-01
1.606768369674682617e-01 1.426939964294433594e+00 2.903341054916381836e+00 4.601341485977172852e-01
1.943380832672119141e+00 7.902175188064575195e-02 1.798359155654907227e+00 1.384675502777099609e-02
1.675550341606140137e+00 1.744127273559570312e-01 9.136527776718139648e-01 1.283462047576904297e+00
6.970596313476562500e-01 1.642310857772827148e+00 4.125440120697021484e-01 1.973943471908569336e+00
2.300176382064819336e+00 1.066973805427551270e-01 6.445023417472839355e-01 7.507827877998352051e-01
1.101175308227539062e+00 8.906033635139465332e-01 6.789776682853698730e-01 4.779100418090820312e-03
5.748888850212097168e-01 1.555451750755310059e+00 2.162587642669677734e-01 2.355812072753906250e+00
1.964081764221191406e+00 6.168031692504882812e-01 3.311838865280151367e+00 8.984416723251342773e-02
1.320744991302490234e+00 8.664757013320922852e-02 1.933859825134277344e+00 3.752112388610839844e-04
