1.340763330459594727e+00 3.340175747871398926e-01 7.023417949676513672e-01 7.508400082588195801e-01
6.424745917320251465e-01 6.653484702110290527e-01 3.863894939422607422e-01 1.695313692092895508e+00
7.496452331542968750e-01 7.157403230667114258e-01 1.538359880447387695e+00 2.947369217872619629e-01
5.538707971572875977e-01 1.055722832679748535e+00 3.124818205833435059e-01 2.020747661590576172e+00
5.203714966773986816e-01 7.489740848541259766e-01 8.864068984985351562e-01 8.684092760086059570e-01
1.012281775474548340e+00 4.330468177795410156e-01 1.670016288757324219e+00 2.934178709983825684e-01
9.830546379089355469e-01 4.523363709449768066e-01 4.098257422447204590e-01 1.065385937690734863e+00
2.170318365097045898e-01 2.900936126708984375e+00 4.553014039993286133e-01 1.322017312049865723e+00
2.370762825012207031e+00 3.339722752571105957e-01 7.377111911773681641e-01 5.853554606437683105e-01
1.897614955902099609e+00 2.689674496650695801e-01 1.672051906585693359e+00 4.459056258201599121e-01
1.745256781578063965e-01 2.379095554351806641e+00 9.735384583473205566e-01 7.050523161888122559e-01
5.720582604408264160e-01 5.403226613998413086e-01 4.265806078910827637e-01 2.610267162322998047e+00
1.247605085372924805e+00 4.491156339645385742e-01 1.341409921646118164e+00 2.329349517822265625e-01
8.306708931922912598e-01 5.936786532402038574e-01 1.248055696487426758e-01 1.755190491676330566e+00
7.805001735687255859e-01 2.981865406036376953e-01 3.754013776779174805e-01 2.386790275573730469e+00
6.963497400283813477e-01 1.121495008468627930e+00 1.049411296844482422e-01 1.272636413574218750e+00
1.405206918716430664e+00 2.429881691932678223e-01 2.865505218505859375e-01 2.343186855316162109e+00
3.177952766418457031e-01 2.843622684478759766e+00 3.649017214775085449e-01 1.340199112892150879e+00
7.696861028671264648e-01 5.765101313591003418e-01 1.907420158386230469e-01 2.128930091857910156e+00
1.075522899627685547e+00 4.153349995613098145e-01 4.943531751632690430e-01 1.573189496994018555e+00
1.261668801307678223e+00 3.728127479553222656e-01 3.017290592193603516e+00 2.518784999847412109e-01
2.173852920532226562e-01 2.128309965133666992e+00 9.526419639587402344e-01 7.942032814025878906e-01
1.561864614486694336e+00 1.131179928779602051e-01 4.407885670661926270e-01 1.469434499740600586e+00
2.064141035079956055e+00 4.590255022048950195e-01 1.183521151542663574e+00 4.785436391830444336e-01
2.945956587791442871e-01 2.093155860900878906e+00 7.799711823463439941e-01 7.069230079650878906e-01
1.366934180259704590e-01 1.345569849014282227e+00 2.011184930801391602e+00 4.432123899459838867e-01
1.499556541442871094e+00 6.274014711380004883e-01 1.110593676567077637e+00 2.351948618888854980e-01
5.139708518981933594e-01 1.294732689857482910e+00 8.870822191238403320e-01 6.201246380805969238e-01
2.788102626800537109e-01 3.331487417221069336e+00 3.556904196739196777e-01 1.298550128936767578e+00
4.551070928573608398e-01 1.646576881408691406e+00 1.248377561569213867e-01 1.562570333480834961e+00
4.257977008819580078e-01 2.654687166213989258e+00 3.107440471649169922e-01 1.411673426628112793e+00
1.928129792213439941e-01 2.188236951828002930e+00 4.701399803161621094e-01 7.815942168235778809e-01
2.796577215194702148e+00 2.031359076499938965e-01 1.780936956405639648e+00 4.224744439125061035e-01
6.187301874160766602e-01 1.717773437500000000e+00 1.608216762542724609e-01 9.859195351600646973e-01
6.870597600936889648e-02 2.660469532012939453e+00 5.566573143005371094e-01 9.090724587440490723e-01
3.504264831542968750e+00 1.644751429557800293e-01 1.166517496109008789e+00 5.893856287002563477e-01
1.981818675994873047e-01 8.737295866012573242e-01 1.568887829780578613e+00 3.123044967651367188e-01
1.698895454406738281e+00 5.250424146652221680e-02 4.065075516700744629e-01 1.074187755584716797e+00
9.913295507431030273e-02 2.236589908599853516e+00 1.502672433853149414e+00 3.306937217712402344e-01
7.313451170921325684e-01 1.036813855171203613e+00 3.238937258720397949e-01 9.141761064529418945e-01
3.283867835998535156e+00 5.833396315574645996e-01 1.108366012573242188e+00 6.807595491409301758e-02
2.308937907218933105e-01 1.373537778854370117e+00 3.069693803787231445e+00 3.217682242393493652e-01
1.027190089225769043e+00 1.175513505935668945e+00 1.360210776329040527e+00 2.214759588241577148e-02
1.955936551094055176e+00 7.138901948928833008e-01 1.059841513633728027e+00 1.637405157089233398e-01
2.516582608222961426e-01 1.097920894622802734e+00 3.358912467956542969e-01 2.818720817565917969e+00
2.806589126586914062e+00 5.643951892852783203e-01 8.086374402046203613e-01 1.225280761718750000e-01
1.459957599639892578e+00 1.462841033935546875e-01 1.086423397064208984e+00 7.760640978813171387e-01
1.748939990997314453e+00 6.454354524612426758e-01 1.608528852462768555e+00 1.984745264053344727e-01
3.849328994750976562e+00 2.713772654533386230e-01 1.462546586990356445e+00 3.153029084205627441e-01
4.371622204780578613e-01 6.163489818572998047e-01 5.930423736572265625e-02 3.879650115966796875e+00
2.038334608078002930e+00 3.787374496459960938e-01 6.788256764411926270e-01 7.560679316520690918e-01
6.569725275039672852e-01 3.038942813873291016e-01 4.175917625427246094e+00 3.733599185943603516e-01
6.948336958885192871e-01 2.769367694854736328e+00 8.114963769912719727e-02 1.291471958160400391e+00
3.641569614410400391e-01 7.134076952934265137e-01 3.871537446975708008e+00 1.774588227272033691e-01
2.044442296028137207e-01 1.703065633773803711e+00 4.100823402404785156e-01 1.141538381576538086e+00
4.741814732551574707e-01 2.975051641464233398e+00 1.563695073127746582e-01 1.366850376129150391e+00
2.897885441780090332e-01 1.161661386489868164e+00 7.039403915405273438e-01 2.341955900192260742e+00
2.054330706596374512e-01 3.695461988449096680e+00 3.479766845703125000e-01 1.716996669769287109e+00
9.293380379676818848e-01 3.445911407470703125e-01 5.573663115501403809e-01 2.040840625762939453e+00
5.987787246704101562e-01 1.234452486038208008e+00 9.465110301971435547e-01 1.515915989875793457e-01
6.799656152725219727e-01 4.655894637107849121e-01 3.369659185409545898e-01 3.554739952087402344e+00
8.490359783172607422e-01 4.596146941184997559e-01 7.907411456108093262e-01 1.531315445899963379e+00
2.905952930450439453e-01 7.582753896713256836e-01 5.907857418060302734e-01 2.785995006561279297e+00
9.904262423515319824e-01 2.483016252517700195e-01 2.630570411682128906e+00 6.882211565971374512e-01
4.797938466072082520e-01 1.047626137733459473e+00 1.362270116806030273e-01 3.855178356170654297e+00
4.381877183914184570e-01 3.774750232696533203e-01 2.837160229682922363e-01 2.582768201828002930e+00
8.452519774436950684e-01 2.857786417007446289e-01 6.576079130172729492e-01 2.107690334320068359e+00
1.417548418045043945e+00 9.269893169403076172e-02 1.549927234649658203e+00 5.897673964500427246e-01
1.880309581756591797e+00 1.151143550872802734e+00 6.834086775779724121e-01 4.255056381225585938e-02
3.874483704566955566e-01 1.355976819992065430e+00 4.293563961982727051e-01 3.038205623626708984e+00
7.572329044342041016e-01 8.147984743118286133e-01 9.260126948356628418e-01 2.986028790473937988e-01
9.864795207977294922e-01 2.599987387657165527e-01 3.407475709915161133e+00 2.760320901870727539e-01
3.077520132064819336e+00 2.696672081947326660e-01 1.264269948005676270e+00 2.288782596588134766e-01
1.014106869697570801e+00 2.108364105224609375e+00 4.805028438568115234e-02 6.268939375877380371e-01
1.626074314117431641e+00 4.801070690155029297e-01 1.195696592330932617e+00 7.691860198974609375e-02
6.377565860748291016e-01 1.640361547470092773e+00 3.571599721908569336e-02 7.083058357238769531e-01
4.941219091415405273e-01 5.497923493385314941e-01 2.831557750701904297e+00 6.176164746284484863e-01
6.922170519828796387e-01 2.948120236396789551e-01 2.705173492431640625e+00 5.934023857116699219e-01
3.215593099594116211e-01 1.561177372932434082e+00 1.823598146438598633e-01 2.066724061965942383e+00
4.058533906936645508e-01 4.696300625801086426e-01 6.686285138130187988e-01 1.307607650756835938e+00
1.358607053756713867e+00 2.044011354446411133e+00 3.139615058898925781e-02 5.791029334068298340e-01
5.996391177177429199e-01 3.671059012413024902e-01 1.282261013984680176e+00 5.566418170928955078e-01
2.408894300460815430e+00 1.089480519294738770e-01 2.348780632019042969e-01 1.305183410644531250e+00
3.492060303688049316e-01 3.311864376068115234e+00 4.055348038673400879e-01 1.657839417457580566e+00
1.400141119956970215e+00 2.279910445213317871e-01 1.087945938110351562e+00 9.133177995681762695e-01
2.175357341766357422e+00 1.681208610534667969e-02 1.930960655212402344e+00 4.278576374053955078e-01
4.342973232269287109e-02 1.824319601058959961e+00 5.354809761047363281e-01 8.542314171791076660e-01
4.957049369812011719e+00 1.662161946296691895e-01 6.530392169952392578e-01 6.975832581520080566e-01
1.555705070495605469e+00 3.624194860458374023e-01 1.247603654861450195e+00 1.655006408691406250e-01
7.091599702835083008e-01 5.281415581703186035e-01 5.707189440727233887e-01 2.362566947937011719e+00
1.682975888252258301e-01 1.432695627212524414e+00 7.280617952346801758e-01 4.934734106063842773e-01
5.250737071037292480e-01 3.149604797363281250e-01 3.816688060760498047e-01 1.752597689628601074e+00
7.487493753433227539e-01 4.576772451400756836e-01 1.899463176727294922e+00 1.012566685676574707e-01
8.778616786003112793e-01 2.696359157562255859e-01 8.230230212211608887e-01 1.385208606719970703e+00
3.869163990020751953e-01 1.123930215835571289e+00 8.909264206886291504e-01 1.702085971832275391e+00
1.643046379089355469e+00 2.657815814018249512e-01 8.346283435821533203e-01 1.238382458686828613e+00
9.590479731559753418e-01 3.543075919151306152e-01 1.063689947128295898e+00 3.619980812072753906e-01
2.436099290847778320e+00 4.382923245429992676e-01 1.127160191535949707e+00 2.899259328842163086e-02
1.355887889862060547e+00 1.000246047973632812e+00 9.813368320465087891e-01 5.028864741325378418e-01
3.962415456771850586e-01 4.122628211975097656e+00 1.771533489227294922e-01 1.224142313003540039e+00
