1.667732119560241699e+00 2.731914222240447998e-01 5.952671766281127930e-01 1.145287990570068359e+00
2.361158579587936401e-01 1.472779750823974609e+00 1.114533185958862305e+00 5.900368690490722656e-01
1.618540525436401367e+00 7.227302342653274536e-02 1.882726073265075684e+00 1.510740220546722412e-01
1.986713707447052002e-01 1.495812535285949707e+00 8.163145780563354492e-01 8.437085747718811035e-01
3.930433392524719238e-01 1.414982318878173828e+00 2.064242362976074219e+00 5.522521585226058960e-02
4.888147413730621338e-01 1.089113950729370117e+00 8.056531548500061035e-01 8.471466302871704102e-01
2.297101020812988281e-01 1.492136955261230469e+00 7.822700738906860352e-01 8.604199886322021484e-01
1.036524996161460876e-01 1.912240147590637207e+00 7.823332548141479492e-01 8.422459959983825684e-01
4.704775512218475342e-01 1.242342948913574219e+00 1.700241088867187500e+00 2.159244418144226074e-01
2.711952924728393555e-01 1.521940112113952637e+00 1.416858434677124023e+00 3.792262375354766846e-01
1.514093995094299316e+00 2.021957039833068848e-01 8.389459252357482910e-01 8.514944314956665039e-01
1.167191624641418457e+00 7.092352509498596191e-01 9.135278314352035522e-02 1.922731041908264160e+00
7.941761612892150879e-01 6.917432546615600586e-01 6.904323101043701172e-01 1.037893652915954590e+00
1.407938599586486816e-01 1.815485954284667969e+00 1.613280177116394043e-02 2.024137020111083984e+00
3.631328940391540527e-01 1.312518119812011719e+00 3.518221080303192139e-01 1.427295804023742676e+00
3.951403796672821045e-01 1.287968277931213379e+00 1.779756903648376465e+00 1.722829937934875488e-01
3.086917661130428314e-02 2.361588478088378906e+00 1.922393798828125000e+00 7.790186256170272827e-02
1.063091754913330078e+00 3.707305490970611572e-01 2.463751316070556641e+00 3.626279067248106003e-03
1.149702891707420349e-01 1.720584154129028320e+00 7.396695613861083984e-01 9.012376070022583008e-01
8.984779119491577148e-01 5.213205814361572266e-01 2.353603363037109375e+00 5.703595932573080063e-03
3.849076628684997559e-01 1.200688004493713379e+00 1.470951437950134277e+00 3.232947289943695068e-01
2.377290427684783936e-01 1.874211668968200684e+00 2.240746498107910156e+00 3.201405331492424011e-02
1.282723844051361084e-01 1.826563835144042969e+00 1.474190473556518555e+00 3.274706006050109863e-01
9.015759229660034180e-01 6.519778370857238770e-01 7.058717012405395508e-01 9.083868265151977539e-01
5.003309845924377441e-01 1.092092871665954590e+00 1.443767189979553223e+00 3.256820738315582275e-01
7.621217370033264160e-01 7.033396959304809570e-01 1.263025760650634766e+00 4.650079309940338135e-01
3.567460775375366211e-01 1.373793125152587891e+00 1.966957688331604004e+00 1.048024445772171021e-01
8.587489719502627850e-04 2.823550701141357422e+00 2.143397569656372070e+00 4.514729231595993042e-02
1.327380836009979248e-01 2.150976181030273438e+00 2.078941822052001953e+00 6.852972507476806641e-02
5.520769357681274414e-01 9.891434907913208008e-01 6.308931112289428711e-01 1.058318257331848145e+00
2.078642398118972778e-01 1.810063719749450684e+00 2.109375000000000000e+00 4.028003290295600891e-02
1.620317339897155762e+00 1.952704740688204765e-03 1.921568632125854492e+00 1.617386490106582642e-01
8.780170083045959473e-01 6.993647217750549316e-01 7.431941032409667969e-01 9.118286967277526855e-01
8.230131864547729492e-01 7.945297956466674805e-01 1.915036320686340332e+00 1.132059842348098755e-01
3.032318353652954102e-01 1.342880725860595703e+00 3.122656643390655518e-01 1.465269088745117188e+00
7.134036626666784286e-03 2.234638690948486328e+00 1.323677062988281250e+00 4.348025619983673096e-01
3.927441537380218506e-01 1.405373811721801758e+00 1.867574691772460938e+00 1.329833567142486572e-01
1.819070935249328613e+00 2.602795325219631195e-02 1.258889436721801758e+00 4.799734652042388916e-01
1.723098993301391602e+00 3.925443813204765320e-02 1.092983484268188477e+00 6.205375194549560547e-01
1.008150935173034668e+00 7.747372984886169434e-01 2.787966467440128326e-02 2.060018301010131836e+00
6.260448694229125977e-01 8.216707706451416016e-01 7.718159556388854980e-01 8.541508913040161133e-01
6.552767753601074219e-01 1.013478994369506836e+00 1.921135187149047852e+00 9.883124381303787231e-02
1.390040755271911621e+00 2.262074500322341919e-01 1.521221876144409180e+00 3.158132433891296387e-01
7.763254046440124512e-01 7.527623176574707031e-01 1.540827155113220215e+00 2.954834103584289551e-01
1.335233092308044434e+00 3.023703694343566895e-01 1.236684322357177734e+00 5.040277838706970215e-01
4.866636693477630615e-01 1.092584133148193359e+00 1.731980562210083008e+00 2.181234061717987061e-01
7.780620455741882324e-01 7.372440695762634277e-01 1.158996105194091797e+00 5.622900128364562988e-01
1.639333724975585938e+00 9.295865148305892944e-02 1.160598039627075195e+00 5.648671388626098633e-01
1.871889114379882812e+00 1.479650139808654785e-01 5.595235824584960938e-01 1.135311245918273926e+00
8.346254825592041016e-01 8.863312005996704102e-01 1.677810102701187134e-01 1.697566032409667969e+00
9.429495930671691895e-01 5.821222066879272461e-01 1.883446574211120605e+00 1.453730016946792603e-01
6.253499984741210938e-01 8.950538635253906250e-01 1.192550897598266602e+00 5.173410177230834961e-01
7.494530677795410156e-01 7.196507453918457031e-01 1.483061075210571289e+00 3.104058206081390381e-01
7.039929032325744629e-01 8.672114014625549316e-01 1.302513360977172852e+00 4.331856667995452881e-01
1.906395107507705688e-01 1.621211171150207520e+00 5.668592453002929688e-01 1.096334099769592285e+00
3.500005304813385010e-01 1.274548172950744629e+00 1.048483133316040039e+00 6.014322638511657715e-01
4.304270446300506592e-01 1.225221395492553711e+00 2.064461708068847656e+00 8.791357278823852539e-02
5.679413676261901855e-01 1.077685117721557617e+00 1.936843633651733398e+00 1.003151908516883850e-01
7.403901815414428711e-01 8.812547922134399414e-01 6.145433187484741211e-01 1.070266842842102051e+00
2.567651748657226562e+00 1.225405037403106689e-01 1.553660333156585693e-01 1.874412417411804199e+00
5.925008058547973633e-01 8.301007151603698730e-01 1.818841338157653809e+00 1.533813029527664185e-01
2.449789196252822876e-01 1.827019453048706055e+00 2.106801748275756836e+00 6.957291811704635620e-02
4.315897822380065918e-01 1.244278907775878906e+00 1.677603006362915039e+00 2.144256085157394409e-01
4.178172647953033447e-01 1.394906163215637207e+00 1.312391996383666992e+00 4.254829585552215576e-01
4.190794825553894043e-01 1.149775624275207520e+00 4.582200646400451660e-01 1.280632615089416504e+00
1.393293961882591248e-02 2.314521312713623047e+00 8.886020183563232422e-01 7.657065987586975098e-01
4.068688452243804932e-01 1.315861701965332031e+00 5.211382731795310974e-02 1.967344880104064941e+00
5.041586160659790039e-01 1.214969515800476074e+00 2.671712450683116913e-02 2.093898296356201172e+00
2.022931277751922607e-01 1.529386639595031738e+00 6.170429587364196777e-01 1.053128838539123535e+00
3.923233151435852051e-01 1.278900027275085449e+00 9.914469122886657715e-01 6.706007122993469238e-01
5.946424603462219238e-01 9.566541314125061035e-01 1.720293045043945312e+00 1.920584738254547119e-01
1.734209954738616943e-01 1.627197027206420898e+00 3.026305139064788818e-01 1.455861687660217285e+00
6.323074102401733398e-01 8.610416650772094727e-01 9.925068616867065430e-01 6.430540680885314941e-01
2.219565659761428833e-01 1.634834885597229004e+00 7.074685692787170410e-01 9.472583532333374023e-01
1.438185691833496094e+00 1.827865242958068848e-01 1.858927011489868164e+00 1.748465746641159058e-01
3.505740687251091003e-02 2.657495737075805664e+00 1.987575411796569824e+00 7.450656592845916748e-02
1.065111517906188965e+00 4.974591135978698730e-01 1.284573316574096680e+00 3.934793472290039062e-01
5.367287993431091309e-01 1.001625895500183105e+00 1.021385312080383301e+00 5.905954837799072266e-01
2.275899983942508698e-02 2.097844839096069336e+00 1.280871033668518066e+00 4.110635519027709961e-01
7.012383341789245605e-01 8.075657486915588379e-01 2.141288995742797852e+00 3.749402239918708801e-02
5.715174674987792969e-01 1.116084933280944824e+00 1.962040513753890991e-01 1.695613741874694824e+00
6.627424955368041992e-01 8.615521192550659180e-01 1.115719199180603027e+00 5.584825873374938965e-01
1.692774057388305664e+00 3.706428781151771545e-02 1.333623170852661133e+00 4.085047543048858643e-01
2.438358217477798462e-01 1.508301138877868652e+00 5.895494818687438965e-01 1.097971439361572266e+00
3.707153201103210449e-01 1.409992218017578125e+00 1.999042630195617676e+00 9.559626877307891846e-02
9.994345307350158691e-01 6.009107232093811035e-01 4.019606411457061768e-01 1.323146462440490723e+00
4.291467666625976562e-01 1.132479548454284668e+00 1.331837177276611328e+00 4.049178361892700195e-01
2.602799534797668457e-01 1.422833442687988281e+00 1.173730850219726562e+00 5.472122430801391602e-01
2.790310978889465332e-01 1.417419314384460449e+00 9.604237079620361328e-01 6.976172924041748047e-01
5.229323506355285645e-01 1.178695201873779297e+00 2.177325487136840820e+00 4.442063346505165100e-02
4.404597282409667969e-01 1.096701741218566895e+00 1.053654909133911133e+00 6.148575544357299805e-01
1.078250631690025330e-01 2.125301361083984375e+00 2.086295843124389648e+00 6.611945480108261108e-02
1.239069342613220215e+00 4.890919625759124756e-01 6.383028030395507812e-01 9.861679077148437500e-01
1.575570583343505859e+00 2.102639824151992798e-01 9.169914126396179199e-01 7.592395544052124023e-01
4.022456705570220947e-01 1.202884197235107422e+00 1.116539835929870605e+00 5.619069337844848633e-01
2.518757581710815430e-01 1.662092208862304688e+00 1.754540562629699707e+00 1.594577282667160034e-01
1.800652623176574707e+00 2.805021703243255615e-01 2.702309191226959229e-01 1.536624550819396973e+00
6.048308610916137695e-01 1.130748748779296875e+00 1.848107576370239258e-01 1.764789581298828125e+00
2.373049259185791016e-01 1.585154771804809570e+00 1.462629914283752441e+00 2.928590774536132812e-01
1.336007118225097656e+00 2.230017781257629395e-01 2.030153989791870117e+00 1.152350530028343201e-01
